1000000.000000 1.498000 0.809800 0.937900 1.253800 1.073900 1000000.000000 1.207800 1000000.000000 0.270200 1.384100 1.221900 1.059700 0.709100 1.115600 1.179100 1.712700 0.914600 0.845600 1.315800 1.010500 1.354300 0.914600 0.925900 0.538500 0.295000 1.197800 0.773400 1.102300 0.600400 0.627600 0.997900 1.174100 0.468600 1.194500 0.852300 1.117000 1.270700 0.365800 1.125400 0.554300 1.249500 0.979300 1.162300 1.502000 1.581500 0.793200 0.619400 1.594200 1.525900
1.498000 1000000.000000 0.248800 1.368200 0.806300 1000000.000000 1.687500 1.398600 0.362200 0.193200 1.184000 1.357800 1.008000 1.352500 0.402800 1.005800 0.777800 1.177700 0.440900 0.227800 1.101000 0.881400 1.045200 1.404000 0.618800 1.668100 1.934300 1.534800 0.661000 1.443400 0.623800 0.557300 0.427900 1.284500 1000000.000000 0.320700 1.219100 1.149800 1.476900 1.607500 1.138500 1.321100 1000000.000000 1.039200 1.531200 0.555800 0.760000 0.779100 1.115600 0.481900
0.809800 0.248800 1000000.000000 0.905100 1.424100 1.484300 1.198400 0.446400 0.954300 0.778100 1.468300 0.696400 1000000.000000 0.925700 0.760400 0.531300 0.373400 1000000.000000 1.288500 1.056700 1000000.000000 1.441500 0.387500 0.335400 1.589300 1.149500 1000000.000000 0.216900 1.306800 0.728000 0.484800 1.093700 1.013800 0.952100 0.927600 0.493900 0.473400 0.478100 0.770100 0.980700 1.224400 0.384000 1.577000 0.561700 1.505700 1.039200 0.798000 1.689300 1.504500 1.159800
0.937900 1.368200 0.905100 1000000.000000 1.769600 1.699400 0.170400 1.201200 0.684700 1000000.000000 1.067400 1000000.000000 1.839700 0.771600 1.284700 1.485800 1.396000 0.410200 0.693700 0.922300 0.988600 0.366000 1.711400 0.885700 1000000.000000 1.290400 1.162900 0.686800 0.665300 0.267900 1.162400 1.172500 1.142000 0.998700 0.806800 1.197800 0.183700 0.803200 0.668900 1.373300 1.597300 1.220900 1.627000 1000000.000000 1.308300 1.560900 0.880100 1.446600 1.567800 1000000.000000
1.253800 0.806300 1.424100 1.769600 1000000.000000 1.487000 1.704600 0.701000 0.724800 0.668600 1.783000 1.225100 1.085700 1.382200 0.839300 0.957300 1.422900 1.552100 1.489600 1.081300 1.268500 0.615300 1.459600 1.407900 0.953600 1.180100 1.046700 0.913400 0.764500 1.376600 1.238700 0.552500 1.347200 0.748300 0.744300 1.328000 0.993700 1.278000 1.206300 0.870100 1000000.000000 1.222700 0.724300 1.689200 1.679000 1.153100 0.897200 1.417400 0.765400 1.424200
1.073900 1000000.000000 1.484300 1.699400 1.487000 1000000.000000 1.112100 1000000.000000 0.884600 0.387600 0.579900 0.800700 0.859500 0.848900 0.902900 1000000.000000 1.048300 1.110100 0.239900 0.468400 1.739600 1.199500 0.494600 1.186400 0.724100 1.024700 0.503400 0.795600 0.893600 0.245500 1.326000 1.071800 1.668400 1.202500 1.268100 0.997400 1.784100 0.363500 0.978000 1.729200 0.897700 1.121100 1.599100 1000000.000000 1000000.000000 1.243900 0.775200 0.834100 1.461900 1.330600
1000000.000000 1.687500 1.198400 0.170400 1.704600 1.112100 1000000.000000 1.491600 1000000.000000 0.934500 1.122100 0.975300 0.480000 1000000.000000 0.465800 0.487700 1.474600 0.954600 1.147700 0.961300 0.593200 0.239100 1.623000 1.644400 1.002700 0.200700 0.951900 1.002400 0.673600 1.806300 0.556000 1000000.000000 0.638600 0.269500 1.865500 0.923000 1.096600 0.722200 0.799700 0.567900 0.839000 0.510800 1.013400 1.358300 1.138300 1.104500 0.707600 0.351400 1.110600 1.030400
1.207800 1.398600 0.446400 1.201200 0.701000 1000000.000000 1.491600 1000000.000000 0.982000 1.175100 1.678100 1.426700 0.718800 1000000.000000 1.719600 1000000.000000 1.208400 1.044200 1.374100 0.841900 0.871300 0.478600 0.654600 0.812000 1.591100 0.458000 0.445800 1.399500 0.324000 0.612300 1.461600 0.758000 0.305000 1000000.000000 1.157600 0.333500 1.750000 0.938100 0.691000 0.670700 0.933200 0.819800 0.570600 1000000.000000 0.919800 1000000.000000 0.975500 0.088100 0.122100 1000000.000000
1000000.000000 0.362200 0.954300 0.684700 0.724800 0.884600 1000000.000000 0.982000 1000000.000000 1.373700 1.497600 1000000.000000 0.925800 0.463800 0.915400 1.650900 1.275500 0.984900 1.271500 0.978500 0.913800 1.220100 0.996900 1000000.000000 0.812300 0.702100 1.490500 1.226200 1.606600 1.008700 1.653600 0.688000 0.880500 0.047400 0.417900 1.637700 0.796500 1.460800 0.536200 1.331100 0.399400 0.925100 0.292400 0.844900 0.709700 0.653400 0.561100 1.192800 1.776800 0.883600
0.270200 0.193200 0.778100 1000000.000000 0.668600 0.387600 0.934500 1.175100 1.373700 1000000.000000 1.207200 1.493400 0.890400 1.121000 1.444300 1.236300 1000000.000000 1.240600 1000000.000000 0.247700 1.506400 1.734000 1000000.000000 1.274700 0.836500 0.835300 0.189400 1.344100 1.358300 0.380200 1.047400 0.609900 1.212500 1.758600 1.221100 1.720500 1.388000 1.300800 0.937000 1.649500 0.872300 0.675000 1.060000 1.535700 1.216900 1.347800 1.203900 1000000.000000 0.740100 1.197700
1.384100 1.184000 1.468300 1.067400 1.783000 0.579900 1.122100 1.678100 1.497600 1.207200 1000000.000000 1000000.000000 0.319600 1.419800 1.441000 0.911700 0.136800 0.090900 1.489300 0.912100 1000000.000000 0.999900 0.555000 0.735200 0.763700 1.556400 0.754200 0.338800 0.848100 1000000.000000 0.449900 1.650400 1.518900 1000000.000000 0.604800 1.438600 0.995500 0.798600 1.066100 1.348800 1.194400 0.668600 1.296600 1000000.000000 1.178700 0.839500 0.933600 1.473600 1.006600 0.483200
1.221900 1.357800 0.696400 1000000.000000 1.225100 0.800700 0.975300 1.426700 1000000.000000 1.493400 1000000.000000 1000000.000000 0.526000 0.589300 1.299100 1000000.000000 1.040200 1.530500 0.831700 0.406000 0.690600 1.462700 0.571100 1.421500 1.857900 0.867400 1.617300 1.174100 0.618100 0.963200 0.281700 1.253000 1.265100 0.544000 1.368700 1.819900 0.889100 1.687900 1.538600 1.351900 1.214200 1.550200 0.991400 1.035900 0.547600 1000000.000000 1000000.000000 1.006300 1.283700 0.489700
1.059700 1.008000 1000000.000000 1.839700 1.085700 0.859500 0.480000 0.718800 0.925800 0.890400 0.319600 0.526000 1000000.000000 1.511600 0.601300 1.626600 1.089600 1.089800 0.824800 0.441500 0.975500 1.108500 1.462500 0.195100 1.044900 1.112700 1.034800 0.982900 1000000.000000 0.625200 1.076200 0.246500 0.841100 1000000.000000 1000000.000000 1.051200 0.456200 1.173600 0.618100 1.316100 0.843800 0.137400 1.011200 0.783700 0.958100 1.504700 1.225700 1.181300 1.405500 1.853900
0.709100 1.352500 0.925700 0.771600 1.382200 0.848900 1000000.000000 1000000.000000 0.463800 1.121000 1.419800 0.589300 1.511600 1000000.000000 1.388600 0.764800 1.373100 1.481600 1.137200 1.339100 1.276600 1.269600 0.926800 0.724100 1000000.000000 0.959700 1.427300 1.686400 0.875200 1.344700 1.662000 1.241800 1.327400 0.559100 1.275100 0.774500 0.691700 1.147100 0.348900 1.490300 1.303800 0.735100 1.050600 0.866000 1.502900 1.246400 0.652800 0.830700 0.742300 0.708100
1.115600 0.402800 0.760400 1.284700 0.839300 0.902900 0.465800 1.719600 0.915400 1.444300 1.441000 1.299100 0.601300 1.388600 1000000.000000 0.651900 1.462500 1.630600 0.372000 1.130300 0.587000 1.439800 1.011300 1.134000 0.809700 1.131500 0.497100 0.682000 0.155500 0.557300 0.569500 1.285600 0.868200 0.680200 1.590900 0.347500 0.876500 0.817300 0.458800 1.525000 0.998800 0.641500 1.069800 1.018400 1.135100 1.527200 0.281900 1.391800 1.301400 1.603300
1.179100 1.005800 0.531300 1.485800 0.957300 1000000.000000 0.487700 1000000.000000 1.650900 1.236300 0.911700 1000000.000000 1.626600 0.764800 0.651900 1000000.000000 1.656900 0.675600 0.396700 1.103900 0.402800 0.556500 1.542100 0.703100 1.009700 0.412300 0.754500 0.509800 0.523100 1.172800 0.311500 0.820600 0.597300 1.335800 0.825000 0.891300 0.787600 1.253400 1.243600 0.506200 0.121900 0.998300 1.894000 1.390700 0.611200 1000000.000000 1000000.000000 1.681300 0.710100 0.642700
1.712700 0.777800 0.373400 1.396000 1.422900 1.048300 1.474600 1.208400 1.275500 1000000.000000 0.136800 1.040200 1.089600 1.373100 1.462500 1.656900 1000000.000000 1000000.000000 1000000.000000 0.570300 0.641200 1000000.000000 0.164800 0.760200 1.474800 0.296900 0.668700 1.190500 0.703300 1.573400 1.167600 1.604000 1.092600 1.286800 1.201000 0.928800 1.759300 0.832700 1.448100 1.579900 0.766600 1.140400 1.547600 1.301800 0.659500 0.786500 0.176900 1000000.000000 1.041100 0.989300
0.914600 1.177700 1000000.000000 0.410200 1.552100 1.110100 0.954600 1.044200 0.984900 1.240600 0.090900 1.530500 1.089800 1.481600 1.630600 0.675600 1000000.000000 1000000.000000 1.700200 1.582400 1000000.000000 0.939600 0.963400 0.953600 1.338900 1.340200 1.212600 0.667700 1.065600 0.971500 0.545000 1.621200 0.563000 1000000.000000 1.204800 1000000.000000 0.913000 0.982900 1.105500 1.013300 1.590900 1.040200 1.714800 0.483200 1.131000 0.728500 1.241400 0.682300 1.256600 0.968400
0.845600 0.440900 1.288500 0.693700 1.489600 0.239900 1.147700 1.374100 1.271500 1000000.000000 1.489300 0.831700 0.824800 1.137200 0.372000 0.396700 1000000.000000 1.700200 1000000.000000 0.484600 1.147100 1.164800 0.711400 1.315900 1.765500 1.026300 0.555400 0.890800 0.748900 0.350100 0.889200 1.137600 0.429600 1.125000 1.034500 0.985700 0.672200 1.547100 0.418100 0.565400 0.711000 0.571100 1.665100 0.406600 1.503600 1.332700 1.287700 1.635000 1000000.000000 1.292900
1.315800 0.227800 1.056700 0.922300 1.081300 0.468400 0.961300 0.841900 0.978500 0.247700 0.912100 0.406000 0.441500 1.339100 1.130300 1.103900 0.570300 1.582400 0.484600 1000000.000000 0.456800 1.605100 1.543500 1.243200 1.329900 0.677400 0.969300 1.736700 0.951300 0.894300 1000000.000000 1000000.000000 1.094400 1.530800 0.618500 1000000.000000 0.548400 1.095100 1.041600 1.423100 0.894800 1.435800 1.084700 1.022400 0.899700 0.445200 0.690800 0.204300 1.828500 1.130800
1.010500 1.101000 1000000.000000 0.988600 1.268500 1.739600 0.593200 0.871300 0.913800 1.506400 1000000.000000 0.690600 0.975500 1.276600 0.587000 0.402800 0.641200 1000000.000000 1.147100 0.456800 1000000.000000 0.928200 1.388600 1000000.000000 1.257900 0.393400 1.235600 1.449000 1.415900 0.292700 1.432200 1.305000 0.882300 0.790700 0.989600 0.161400 0.600300 0.362500 0.928000 0.079800 0.340600 1000000.000000 0.481000 0.993600 1.857600 0.596900 0.604000 0.995700 1.530900 1000000.000000
1.354300 0.881400 1.441500 0.366000 0.615300 1.199500 0.239100 0.478600 1.220100 1.734000 0.999900 1.462700 1.108500 1.269600 1.439800 0.556500 1000000.000000 0.939600 1.164800 1.605100 0.928200 1000000.000000 0.288700 1.456600 1.749900 0.271200 1.308100 1.288800 0.317700 0.732800 1.332200 0.755600 1.746100 1000000.000000 1.342000 0.386200 1.874200 1.801100 1.363700 0.880400 1.435300 0.089600 1.723100 1.525600 1.005900 1.000200 1.061700 1.641300 0.310700 1000000.000000
0.914600 1.045200 0.387500 1.711400 1.459600 0.494600 1.623000 0.654600 0.996900 1000000.000000 0.555000 0.571100 1.462500 0.926800 1.011300 1.542100 0.164800 0.963400 0.711400 1.543500 1.388600 0.288700 1000000.000000 1.856100 0.673700 1.049800 1000000.000000 1.194300 0.918900 1.446300 0.645800 1.889000 0.396100 0.969100 0.816600 1.149300 1.012500 1.357100 0.445000 0.584900 1.076100 1.163700 0.913000 0.412200 0.649100 1.042400 0.308100 1.066500 1000000.000000 0.621700
0.925900 1.404000 0.335400 0.885700 1.407900 1.186400 1.644400 0.812000 1000000.000000 1.274700 0.735200 1.421500 0.195100 0.724100 1.134000 0.703100 0.760200 0.953600 1.315900 1.243200 1000000.000000 1.456600 1.856100 1000000.000000 0.721400 1.746000 0.772400 1.221900 1.591000 1.267100 1.152600 1000000.000000 0.914000 1.469600 0.648400 1.722500 1.379000 0.929000 1.896000 0.481900 0.625000 0.728100 0.671600 1.898900 1.310000 0.792800 1000000.000000 1.427000 1.089600 1.359200
0.538500 0.618800 1.589300 1000000.000000 0.953600 0.724100 1.002700 1.591100 0.812300 0.836500 0.763700 1.857900 1.044900 1000000.000000 0.809700 1.009700 1.474800 1.338900 1.765500 1.329900 1.257900 1.749900 0.673700 0.721400 1000000.000000 0.239300 0.901100 0.946300 1.471100 0.866700 1.369400 0.623600 0.987500 0.643100 0.541900 0.766200 0.623700 0.450100 1.291000 0.424100 1.636200 1.402500 0.562000 1.097000 0.138900 1.347900 0.746400 1.695200 0.980900 0.859500
0.295000 1.668100 1.149500 1.290400 1.180100 1.024700 0.200700 0.458000 0.702100 0.835300 1.556400 0.867400 1.112700 0.959700 1.131500 0.412300 0.296900 1.340200 1.026300 0.677400 0.393400 0.271200 1.049800 1.746000 0.239300 1000000.000000 1.232500 0.670100 0.979500 0.498300 0.860500 1.017400 1.389200 1.142100 1.031600 0.786600 1000000.000000 1.142100 1.779000 1.681600 0.455400 1000000.000000 1.736700 1.205300 0.583000 0.834400 0.874800 1.302500 1.323500 0.471200
1.197800 1.934300 1000000.000000 1.162900 1.046700 0.503400 0.951900 0.445800 1.490500 0.189400 0.754200 1.617300 1.034800 1.427300 0.497100 0.754500 0.668700 1.212600 0.555400 0.969300 1.235600 1.308100 1000000.000000 0.772400 0.901100 1.232500 1000000.000000 0.952100 0.534600 0.537800 0.878100 1.250000 1.181400 1.197900 1.078300 0.306100 0.651800 0.806500 0.841300 0.802700 1.167100 0.353900 0.896300 0.483000 1.307200 1.778900 1.481500 1.657100 0.959300 1.372900
0.773400 1.534800 0.216900 0.686800 0.913400 0.795600 1.002400 1.399500 1.226200 1.344100 0.338800 1.174100 0.982900 1.686400 0.682000 0.509800 1.190500 0.667700 0.890800 1.736700 1.449000 1.288800 1.194300 1.221900 0.946300 0.670100 0.952100 1000000.000000 1.266900 1000000.000000 0.610500 0.930500 0.966900 0.975300 0.689400 0.938800 0.917100 1.452600 1.052800 0.486700 0.457500 0.863500 0.979600 0.420500 0.822400 1.483200 0.315900 0.873900 1.759800 0.451100
1.102300 0.661000 1.306800 0.665300 0.764500 0.893600 0.673600 0.324000 1.606600 1.358300 0.848100 0.618100 1000000.000000 0.875200 0.155500 0.523100 0.703300 1.065600 0.748900 0.951300 1.415900 0.317700 0.918900 1.591000 1.471100 0.979500 0.534600 1.266900 1000000.000000 1000000.000000 0.435400 0.725000 1.251100 0.517600 1.000800 0.582200 1.032500 0.226200 1000000.000000 0.885100 1.189400 1.288900 1.025600 0.595300 0.632000 1.321200 1.226000 0.843500 0.897300 0.774200
0.600400 1.443400 0.728000 0.267900 1.376600 0.245500 1.806300 0.612300 1.008700 0.380200 1000000.000000 0.963200 0.625200 1.344700 0.557300 1.172800 1.573400 0.971500 0.350100 0.894300 0.292700 0.732800 1.446300 1.267100 0.866700 0.498300 0.537800 1000000.000000 1000000.000000 1000000.000000 0.903300 1000000.000000 1000000.000000 1.068700 1000000.000000 1.174400 0.863000 1.047400 0.206800 0.421800 0.968100 0.791300 1.135100 1.141200 0.946500 0.759100 0.344000 1000000.000000 1.107400 1.125400
0.627600 0.623800 0.484800 1.162400 1.238700 1.326000 0.556000 1.461600 1.653600 1.047400 0.449900 0.281700 1.076200 1.662000 0.569500 0.311500 1.167600 0.545000 0.889200 1000000.000000 1.432200 1.332200 0.645800 1.152600 1.369400 0.860500 0.878100 0.610500 0.435400 0.903300 1000000.000000 1.601000 1.177500 0.839200 0.625100 1.473100 0.793600 0.687300 1.460500 0.841800 1.228100 1.103800 0.550400 1.154100 1000000.000000 0.928800 0.317800 1.757800 1.601000 0.827100
0.997900 0.557300 1.093700 1.172500 0.552500 1.071800 1000000.000000 0.758000 0.688000 0.609900 1.650400 1.253000 0.246500 1.241800 1.285600 0.820600 1.604000 1.621200 1.137600 1000000.000000 1.305000 0.755600 1.889000 1000000.000000 0.623600 1.017400 1.250000 0.930500 0.725000 1000000.000000 1.601000 1000000.000000 1.833100 0.772600 0.193600 1.624700 0.157300 0.331700 0.512100 1.102500 1.278800 1.015400 0.660800 1.858200 1000000.000000 0.792400 0.921600 1.102600 0.544200 0.621700
1.174100 0.427900 1.013800 1.142000 1.347200 1.668400 0.638600 0.305000 0.880500 1.212500 1.518900 1.265100 0.841100 1.327400 0.868200 0.597300 1.092600 0.563000 0.429600 1.094400 0.882300 1.746100 0.396100 0.914000 0.987500 1.389200 1.181400 0.966900 1.251100 1000000.000000 1.177500 1.833100 1000000.000000 0.925700 0.701400 1.202600 1.214100 1.706000 1.028400 1.013500 1.014500 0.727900 0.556900 1.181100 1.072600 0.378700 0.245700 1.818300 1.034400 1.062600
0.468600 1.284500 0.952100 0.998700 0.748300 1.202500 0.269500 1000000.000000 0.047400 1.758600 1000000.000000 0.544000 1000000.000000 0.559100 0.680200 1.335800 1.286800 1000000.000000 1.125000 1.530800 0.790700 1000000.000000 0.969100 1.469600 0.643100 1.142100 1.197900 0.975300 0.517600 1.068700 0.839200 0.772600 0.925700 1000000.000000 1.310200 0.608100 0.943100 1000000.000000 0.757400 1000000.000000 1000000.000000 1.560100 1000000.000000 1.202000 0.783600 1.000800 1.146000 1.529500 1.140200 1.679300
1.194500 1000000.000000 0.927600 0.806800 0.744300 1.268100 1.865500 1.157600 0.417900 1.221100 0.604800 1.368700 1000000.000000 1.275100 1.590900 0.825000 1.201000 1.204800 1.034500 0.618500 0.989600 1.342000 0.816600 0.648400 0.541900 1.031600 1.078300 0.689400 1.000800 1000000.000000 0.625100 0.193600 0.701400 1.310200 1000000.000000 1000000.000000 0.838400 0.796200 1.554600 0.924200 0.988000 1.161300 1.388600 1.059600 1000000.000000 1.246700 0.487100 0.811900 1.670300 0.525100
0.852300 0.320700 0.493900 1.197800 1.328000 0.997400 0.923000 0.333500 1.637700 1.720500 1.438600 1.819900 1.051200 0.774500 0.347500 0.891300 0.928800 1000000.000000 0.985700 1000000.000000 0.161400 0.386200 1.149300 1.722500 0.766200 0.786600 0.306100 0.938800 0.582200 1.174400 1.473100 1.624700 1.202600 0.608100 1000000.000000 1000000.000000 1.293700 0.855000 0.825100 0.814400 1.675900 1000000.000000 0.719300 1.594200 0.868000 1000000.000000 1.226900 0.498700 0.847000 0.797700
1.117000 1.219100 0.473400 0.183700 0.993700 1.784100 1.096600 1.750000 0.796500 1.388000 0.995500 0.889100 0.456200 0.691700 0.876500 0.787600 1.759300 0.913000 0.672200 0.548400 0.600300 1.874200 1.012500 1.379000 0.623700 1000000.000000 0.651800 0.917100 1.032500 0.863000 0.793600 0.157300 1.214100 0.943100 0.838400 1.293700 1000000.000000 0.635400 0.960800 1000000.000000 0.644500 0.833400 0.629100 1.303800 1.644000 1000000.000000 0.800300 1.404900 0.615400 0.746800
1.270700 1.149800 0.478100 0.803200 1.278000 0.363500 0.722200 0.938100 1.460800 1.300800 0.798600 1.687900 1.173600 1.147100 0.817300 1.253400 0.832700 0.982900 1.547100 1.095100 0.362500 1.801100 1.357100 0.929000 0.450100 1.142100 0.806500 1.452600 0.226200 1.047400 0.687300 0.331700 1.706000 1000000.000000 0.796200 0.855000 0.635400 1000000.000000 0.232900 0.684000 1.708300 0.825800 1.446900 1.008500 1000000.000000 1.075400 1000000.000000 0.680700 1.234000 0.613500
0.365800 1.476900 0.770100 0.668900 1.206300 0.978000 0.799700 0.691000 0.536200 0.937000 1.066100 1.538600 0.618100 0.348900 0.458800 1.243600 1.448100 1.105500 0.418100 1.041600 0.928000 1.363700 0.445000 1.896000 1.291000 1.779000 0.841300 1.052800 1000000.000000 0.206800 1.460500 0.512100 1.028400 0.757400 1.554600 0.825100 0.960800 0.232900 1000000.000000 0.697600 1.298200 0.969100 1.434000 0.943700 0.627600 1.311700 1.391100 0.829700 1000000.000000 1.021300
1.125400 1.607500 0.980700 1.373300 0.870100 1.729200 0.567900 0.670700 1.331100 1.649500 1.348800 1.351900 1.316100 1.490300 1.525000 0.506200 1.579900 1.013300 0.565400 1.423100 0.079800 0.880400 0.584900 0.481900 0.424100 1.681600 0.802700 0.486700 0.885100 0.421800 0.841800 1.102500 1.013500 1000000.000000 0.924200 0.814400 1000000.000000 0.684000 0.697600 1000000.000000 1000000.000000 1.405900 1.440600 0.701300 0.985700 1000000.000000 1.162400 1.048300 1.096400 0.696100
0.554300 1.138500 1.224400 1.597300 1000000.000000 0.897700 0.839000 0.933200 0.399400 0.872300 1.194400 1.214200 0.843800 1.303800 0.998800 0.121900 0.766600 1.590900 0.711000 0.894800 0.340600 1.435300 1.076100 0.625000 1.636200 0.455400 1.167100 0.457500 1.189400 0.968100 1.228100 1.278800 1.014500 1000000.000000 0.988000 1.675900 0.644500 1.708300 1.298200 1000000.000000 1000000.000000 1000000.000000 0.947300 0.717900 1.140000 0.702100 0.684300 1.657300 1.268600 0.902200
1.249500 1.321100 0.384000 1.220900 1.222700 1.121100 0.510800 0.819800 0.925100 0.675000 0.668600 1.550200 0.137400 0.735100 0.641500 0.998300 1.140400 1.040200 0.571100 1.435800 1000000.000000 0.089600 1.163700 0.728100 1.402500 1000000.000000 0.353900 0.863500 1.288900 0.791300 1.103800 1.015400 0.727900 1.560100 1.161300 1000000.000000 0.833400 0.825800 0.969100 1.405900 1000000.000000 1000000.000000 1.136100 0.988900 1.430400 1.254600 0.876800 0.803600 1.484400 1.506300
0.979300 1000000.000000 1.577000 1.627000 0.724300 1.599100 1.013400 0.570600 0.292400 1.060000 1.296600 0.991400 1.011200 1.050600 1.069800 1.894000 1.547600 1.714800 1.665100 1.084700 0.481000 1.723100 0.913000 0.671600 0.562000 1.736700 0.896300 0.979600 1.025600 1.135100 0.550400 0.660800 0.556900 1000000.000000 1.388600 0.719300 0.629100 1.446900 1.434000 1.440600 0.947300 1.136100 1000000.000000 1.323600 0.600000 0.583900 1.083800 0.722600 1000000.000000 0.725800
1.162300 1.039200 0.561700 1000000.000000 1.689200 1000000.000000 1.358300 1000000.000000 0.844900 1.535700 1000000.000000 1.035900 0.783700 0.866000 1.018400 1.390700 1.301800 0.483200 0.406600 1.022400 0.993600 1.525600 0.412200 1.898900 1.097000 1.205300 0.483000 0.420500 0.595300 1.141200 1.154100 1.858200 1.181100 1.202000 1.059600 1.594200 1.303800 1.008500 0.943700 0.701300 0.717900 0.988900 1.323600 1000000.000000 1.004800 0.643700 1.519600 1.717500 0.275500 1.000300
1.502000 1.531200 1.505700 1.308300 1.679000 1000000.000000 1.138300 0.919800 0.709700 1.216900 1.178700 0.547600 0.958100 1.502900 1.135100 0.611200 0.659500 1.131000 1.503600 0.899700 1.857600 1.005900 0.649100 1.310000 0.138900 0.583000 1.307200 0.822400 0.632000 0.946500 1000000.000000 1000000.000000 1.072600 0.783600 1000000.000000 0.868000 1.644000 1000000.000000 0.627600 0.985700 1.140000 1.430400 0.600000 1.004800 1000000.000000 1.247200 0.933200 0.944900 1.113700 0.257700
1.581500 0.555800 1.039200 1.560900 1.153100 1.243900 1.104500 1000000.000000 0.653400 1.347800 0.839500 1000000.000000 1.504700 1.246400 1.527200 1000000.000000 0.786500 0.728500 1.332700 0.445200 0.596900 1.000200 1.042400 0.792800 1.347900 0.834400 1.778900 1.483200 1.321200 0.759100 0.928800 0.792400 0.378700 1.000800 1.246700 1000000.000000 1000000.000000 1.075400 1.311700 1000000.000000 0.702100 1.254600 0.583900 0.643700 1.247200 1000000.000000 0.612200 1.576000 0.828400 0.963800
0.793200 0.760000 0.798000 0.880100 0.897200 0.775200 0.707600 0.975500 0.561100 1.203900 0.933600 1000000.000000 1.225700 0.652800 0.281900 1000000.000000 0.176900 1.241400 1.287700 0.690800 0.604000 1.061700 0.308100 1000000.000000 0.746400 0.874800 1.481500 0.315900 1.226000 0.344000 0.317800 0.921600 0.245700 1.146000 0.487100 1.226900 0.800300 1000000.000000 1.391100 1.162400 0.684300 0.876800 1.083800 1.519600 0.933200 0.612200 1000000.000000 1.625200 1.123400 1.178600
0.619400 0.779100 1.689300 1.446600 1.417400 0.834100 0.351400 0.088100 1.192800 1000000.000000 1.473600 1.006300 1.181300 0.830700 1.391800 1.681300 1000000.000000 0.682300 1.635000 0.204300 0.995700 1.641300 1.066500 1.427000 1.695200 1.302500 1.657100 0.873900 0.843500 1000000.000000 1.757800 1.102600 1.818300 1.529500 0.811900 0.498700 1.404900 0.680700 0.829700 1.048300 1.657300 0.803600 0.722600 1.717500 0.944900 1.576000 1.625200 1000000.000000 0.884600 0.596800
1.594200 1.115600 1.504500 1.567800 0.765400 1.461900 1.110600 0.122100 1.776800 0.740100 1.006600 1.283700 1.405500 0.742300 1.301400 0.710100 1.041100 1.256600 1000000.000000 1.828500 1.530900 0.310700 1000000.000000 1.089600 0.980900 1.323500 0.959300 1.759800 0.897300 1.107400 1.601000 0.544200 1.034400 1.140200 1.670300 0.847000 0.615400 1.234000 1000000.000000 1.096400 1.268600 1.484400 1000000.000000 0.275500 1.113700 0.828400 1.123400 0.884600 1000000.000000 0.567500
1.525900 0.481900 1.159800 1000000.000000 1.424200 1.330600 1.030400 1000000.000000 0.883600 1.197700 0.483200 0.489700 1.853900 0.708100 1.603300 0.642700 0.989300 0.968400 1.292900 1.130800 1000000.000000 1000000.000000 0.621700 1.359200 0.859500 0.471200 1.372900 0.451100 0.774200 1.125400 0.827100 0.621700 1.062600 1.679300 0.525100 0.797700 0.746800 0.613500 1.021300 0.696100 0.902200 1.506300 0.725800 1.000300 0.257700 0.963800 1.178600 0.596800 0.567500 1000000.000000
